12 28 664
1 10 -0.756564437859821
3 11 0.20555233226391453
3 10 -0.7104850928264779
0 4 -0.33376608454160817
0 11 0.23886096630574447
3 4 0.11145572278816557
4 5 0.9252185907923253
5 10 0.7282878755792332
5 6 0.9729760373589508
1 6 -0.44617145005504577
7 11 1.0
3 5 0.9613526436363973
3 7 -0.7423234293557031
1 4 0.8209187445435451
2 7 0.4388183022682881
5 7 0.8846103895311703
2 8 -0.6039152937987841
8 11 1.0
6 9 1.0
9 7 1.0
9 11 -0.6151021071755243
8 9 -0.3478680291788121
4 8 0.30612164981406553
4 6 0.5676980595799992
7 9 -0.8721562664391489
2 6 -0.3570903202282931
1 11 0.8340137930895644
3 6 -0.7265160973890235
