19 62 957
3 17 0.4752193335169642
0 17 0.08307857539129244
3 4 -0.4947026351731549
4 18 0.9106263455112484
2 5 0.05182943494838178
3 5 0.39236664378315134
1 6 0.9409146588636079
3 18 -0.4750070937826002
1 7 0.9282505766772472
0 7 -0.30011784153332793
8 18 0.9912759026122484
7 9 0.283762014699959
9 8 0.8889696278651851
1 9 0.8460332138909212
0 6 -0.5202796541645779
9 17 0.6821533529575643
1 5 -0.026940248312918996
5 8 0.15326290385025942
6 18 0.8937958847718452
4 10 -0.4297893526037062
10 5 0.9338905713701819
7 18 -0.8479653489965329
0 10 -0.9833754555317027
6 11 -0.36575358840504724
11 7 1.0453297331937672
5 6 -0.4464300396125087
10 18 0.8271309412422998
5 9 0.2639283632429749
5 12 1.0840166083051754
12 18 1.0632042441808114
2 6 -0.5258360081328777
6 10 0.5475645897760809
8 13 0.9151389445509157
13 9 0.2620519180833072
6 13 0.4751469558963366
5 7 -0.7277638011137938
5 17 -0.6993842341404874
2 14 -0.43967022278589907
14 4 1.0649060265551848
4 9 -0.26657709445650724
4 14 0.7865804822951172
7 11 -0.9122669999316353
6 12 -0.21896980807019767
1 12 -0.26553066202580106
0 15 0.8481426731504808
15 8 1.0549031653207506
12 13 0.4046548215768029
1 10 0.2797755233779798
3 16 -0.18554453313273195
16 7 1.014420700111255
9 16 -0.10733831926178145
8 11 -0.8129323694631709
0 5 -0.4039001699122827
1 14 0.1320307944804746
8 15 -0.3702604368592961
4 13 -0.055683116112788644
1 4 0.19584782335281403
13 16 0.24851903220234983
3 8 0.5143904751296262
0 12 -0.18835755052104042
8 12 -0.3043442551987019
2 7 -0.8449411054969382
